113
0.900417 1237.32 845.998

44 0 0 1 64 0 0 2 1 0 0 15 207 1 0 0 47 2 0 4 
95 1 0 13 17 1 0 0 1 3 0 8 59 0 0 2 88 0 0 0 
2 1 0 38 207 3 0 0 58 25 0 18 98 2 0 8 11 12 11 2 
0 1 2 4 50 0 0 1 97 3 0 12 2 0 0 9 207 19 0 0 
66 6 0 1 96 14 1 21 12 4 1 2 2 2 8 9 43 7 0 6 
86 0 0 2 0 0 0 18 207 8 0 0 32 5 0 1 68 11 1 14 
15 5 0 2 5 5 0 3 

0.902587 531.549 468.017

0 0 0 3 173 16 0 0 1 0 0 2 173 13 0 0 33 2 0 0 
35 3 0 7 6 2 0 0 0 0 0 3 0 0 0 28 173 2 0 0 
1 1 1 18 173 7 0 0 36 17 3 7 45 1 0 2 8 11 1 0 
0 0 0 1 0 0 0 9 173 15 0 0 2 0 0 2 173 20 0 0 
46 16 0 1 55 5 0 3 12 5 0 0 0 0 1 6 0 0 0 0 
173 30 0 0 0 0 0 0 173 33 0 0 29 9 0 0 53 9 0 7 
20 3 0 0 0 0 1 6 

0.904198 256.691 834.378

0 0 0 8 118 0 0 0 6 0 0 19 168 0 0 0 88 0 0 3 
51 0 0 13 15 0 0 0 1 3 2 8 0 0 0 5 154 9 0 0 
11 0 0 27 168 3 0 0 142 4 0 5 55 1 0 7 22 1 0 2 
6 1 0 2 1 0 0 1 168 20 0 0 6 0 0 3 168 21 0 4 
110 5 0 0 46 9 0 14 18 6 1 2 2 0 0 0 1 0 0 4 
147 1 0 0 5 0 0 9 168 1 0 0 76 1 0 2 35 0 0 6 
11 1 0 1 0 0 0 1 

0.932047 574.623 605.65

0 0 0 1 123 35 0 0 0 0 0 0 191 64 0 0 34 10 0 1 
70 9 0 4 16 3 0 0 0 0 0 9 0 0 0 2 110 58 0 0 
0 0 0 7 191 60 0 0 40 0 0 1 108 9 0 23 15 0 2 3 
0 0 0 10 0 0 0 30 132 6 0 0 0 0 0 54 191 4 0 0 
38 19 1 11 90 0 0 4 14 4 0 1 0 0 3 7 0 0 0 6 
119 14 0 0 0 0 0 9 191 25 0 0 34 10 0 4 68 9 1 15 
18 4 1 0 0 0 0 7 

0.950565 600.203 363.455

0 0 0 0 5 125 33 0 0 0 1 22 21 88 80 4 0 1 11 31 
28 57 29 1 0 0 0 1 44 125 3 0 0 0 0 7 100 95 2 0 
0 0 17 125 125 35 4 1 29 36 63 88 22 6 6 32 12 10 2 1 
16 51 19 12 0 0 0 25 125 24 0 0 0 0 1 21 125 125 25 10 
15 4 2 6 17 37 70 125 4 0 0 0 0 21 95 63 0 0 0 4 
44 58 0 0 0 0 0 0 51 125 27 4 0 0 0 0 2 35 85 96 
0 0 0 0 1 20 59 44 

0.950606 961.413 558.05

0 0 0 5 157 8 0 0 0 0 0 26 176 4 0 0 13 7 3 14 
58 0 0 0 8 9 1 0 0 0 0 0 0 0 0 2 175 21 0 0 
1 0 0 24 176 20 0 0 41 5 0 14 71 1 0 6 11 2 0 0 
1 0 1 9 0 0 0 25 157 11 0 0 3 0 0 43 176 20 0 0 
62 3 0 8 74 7 0 6 15 6 0 0 5 5 0 3 0 0 0 20 
147 11 0 0 4 0 0 41 176 6 0 1 56 3 0 9 46 3 0 12 
6 1 0 1 6 2 1 2 

0.959178 922.355 558.646

2 2 1 15 84 12 0 3 10 7 3 9 15 10 36 42 23 32 5 5 
8 36 68 12 12 31 48 24 8 4 2 1 24 7 5 18 80 9 2 21 
128 34 5 5 14 24 93 128 11 8 7 28 128 128 128 47 0 3 9 12 
89 44 2 0 20 28 29 13 26 3 0 2 128 128 106 24 10 3 3 24 
10 51 128 128 128 19 4 6 1 1 1 19 58 28 20 4 1 6 44 23 
7 0 0 0 10 54 65 8 0 0 0 7 15 34 71 19 0 0 0 3 
16 25 8 2 0 0 7 7 

0.959178 922.355 558.646

1 0 0 0 6 15 21 19 1 0 0 1 12 14 81 40 16 5 0 0 
0 18 52 57 5 6 0 0 0 1 45 16 33 7 2 5 5 24 21 40 
113 31 3 3 7 49 132 132 10 16 4 18 125 132 122 20 36 59 3 3 
28 15 9 6 37 61 32 10 1 0 0 2 132 132 109 38 10 9 9 28 
6 33 117 132 132 45 8 4 36 49 2 17 56 7 4 3 9 31 10 0 
0 1 21 15 12 56 46 15 3 14 17 26 9 11 60 50 8 29 16 3 
12 9 6 6 3 4 4 2 

0.959178 922.355 558.646

8 46 20 4 2 0 0 2 3 2 5 6 26 24 42 26 0 0 2 10 
15 74 40 2 0 0 1 17 14 17 17 4 91 18 1 0 0 2 2 41 
131 23 6 6 12 46 110 131 4 3 4 29 131 131 99 26 3 0 0 1 
28 51 49 12 60 39 8 3 15 18 23 19 126 131 131 56 13 6 5 38 
16 20 104 131 131 23 4 12 29 1 1 12 24 21 7 29 1 7 6 14 
81 24 8 3 8 45 45 16 10 4 4 13 36 3 31 44 4 3 3 47 
32 1 1 1 15 11 7 48 

0.968322 555.181 556.754

0 0 0 3 36 2 0 0 0 0 0 3 171 10 0 0 0 0 0 7 
171 6 0 0 22 4 0 2 30 1 0 4 0 0 0 9 49 2 0 0 
0 0 0 12 171 20 0 0 1 0 0 4 171 34 0 0 35 6 0 2 
44 1 0 1 0 0 0 12 54 4 0 0 0 0 0 50 171 4 0 0 
1 0 0 26 171 4 0 0 34 6 0 2 46 0 0 1 0 0 0 27 
40 0 0 0 0 0 0 51 166 0 0 0 1 0 0 32 171 1 0 0 
27 2 0 2 33 1 0 8 

0.976824 541.92 511.198

0 0 0 0 76 15 0 0 0 0 0 0 138 30 0 0 0 0 0 0 
168 33 0 0 17 3 0 0 79 7 0 1 0 0 0 4 99 6 0 0 
0 0 0 6 133 44 0 0 0 0 0 11 168 44 0 0 25 0 0 6 
110 4 0 3 0 0 0 5 89 9 0 0 0 0 0 22 141 12 0 0 
0 0 0 25 168 10 0 0 19 7 0 7 103 1 0 1 0 0 0 12 
58 2 0 0 0 0 0 7 128 8 0 0 0 0 0 1 168 22 0 0 
23 1 0 2 88 6 0 6 

0.991282 954.535 582.467

0 0 0 5 173 15 0 0 3 0 0 1 173 42 0 0 35 0 0 1 
45 8 0 2 3 1 0 1 1 0 0 0 0 0 0 19 173 2 0 0 
3 0 0 16 173 6 0 0 48 2 0 5 70 3 1 3 4 0 0 0 
1 3 5 8 0 0 0 7 173 4 0 0 3 0 0 2 173 23 0 0 
56 11 0 0 75 9 1 3 7 3 0 0 0 2 3 6 0 0 0 6 
149 3 0 0 0 0 0 2 173 16 0 0 22 2 0 0 59 10 1 17 
7 1 0 0 0 0 0 13 

1.01541 554.663 432.483

35 8 0 7 52 10 0 1 0 1 14 56 128 34 0 0 0 4 26 21 
66 128 5 0 0 0 0 8 44 64 30 0 40 16 4 31 76 2 0 0 
6 14 48 128 128 17 1 2 52 69 83 52 53 19 2 17 1 0 1 19 
104 35 0 1 21 5 9 10 62 7 0 2 6 2 2 17 128 128 45 20 
56 9 2 4 49 51 73 117 1 0 0 12 128 33 2 5 5 0 4 14 
25 12 1 3 0 0 0 11 56 50 35 3 0 0 0 14 107 26 47 14 
0 0 0 64 128 2 0 0 

1.01821 392.679 825.565

31 4 0 2 39 3 0 13 4 0 0 15 213 24 0 2 49 7 0 3 
84 10 2 5 9 3 1 0 0 0 0 0 40 9 0 4 55 2 0 8 
4 3 0 55 213 10 0 1 60 22 1 24 91 1 0 5 15 7 1 0 
0 0 0 3 44 16 0 1 55 1 0 3 8 1 0 5 213 18 0 3 
84 1 0 2 107 5 1 30 14 0 0 0 1 1 2 10 37 3 0 0 
39 2 0 9 9 1 0 1 213 14 0 1 76 8 0 1 93 2 0 6 
9 4 0 1 4 1 0 1 

1.01948 1245.74 846.315

76 13 0 0 47 2 0 3 2 0 0 2 192 26 0 1 34 7 0 0 
85 17 1 12 12 5 1 2 5 7 1 2 107 13 0 3 53 0 0 2 
3 2 1 34 192 7 0 0 27 21 4 18 102 5 1 10 10 11 2 2 
3 3 5 8 110 8 0 1 48 4 0 4 5 1 0 8 192 44 0 0 
73 13 0 4 127 16 1 7 13 7 6 2 0 0 7 9 87 15 0 4 
30 0 0 3 4 1 0 26 192 7 0 0 62 4 0 11 115 2 0 4 
12 3 4 3 1 0 1 1 

1.02315 889.094 604.383

9 21 34 10 0 0 0 9 25 32 11 1 0 7 33 39 18 12 3 1 
2 22 28 5 22 27 31 1 0 0 0 4 66 16 6 5 3 3 4 56 
133 71 8 5 8 48 133 133 9 11 12 26 133 133 115 17 82 11 14 8 
36 9 0 33 51 23 0 0 4 9 30 18 133 133 87 19 8 8 8 18 
8 65 104 133 133 52 11 7 69 15 3 5 46 14 10 36 1 1 0 0 
8 13 18 3 7 64 21 3 7 4 1 0 39 53 24 8 5 6 5 2 
12 4 1 0 5 14 11 24 

1.02315 889.094 604.383

1 0 6 61 44 18 0 0 24 23 16 23 9 8 10 29 3 3 0 23 
62 42 11 6 13 2 0 6 12 8 2 9 25 1 8 116 24 9 7 24 
137 33 9 19 14 42 71 137 11 6 4 22 137 137 67 42 9 14 10 10 
43 13 0 3 22 13 1 11 20 23 11 7 137 137 107 31 17 8 7 37 
11 49 137 137 137 32 5 6 9 18 23 37 48 1 0 2 3 8 1 15 
33 5 0 0 4 27 39 19 32 10 2 1 0 5 68 61 24 24 19 1 
13 7 4 7 5 3 4 4 

1.02874 538.106 835.854

163 46 0 2 27 1 0 0 20 5 0 17 163 12 0 0 44 6 0 4 
46 2 0 3 5 4 1 0 0 0 0 0 163 29 0 0 28 4 0 1 
43 7 0 8 163 19 0 0 44 34 0 8 74 3 0 3 8 13 0 0 
0 0 0 0 163 37 0 1 23 2 0 0 54 11 0 7 163 20 1 1 
49 9 0 2 86 11 3 24 11 5 0 0 0 0 0 8 163 33 0 2 
18 1 0 0 50 11 0 17 163 3 0 0 38 12 0 5 68 2 0 6 
6 8 1 0 0 0 0 2 

1.03036 878.431 313.411

0 3 17 23 47 2 0 0 0 35 63 27 30 10 0 0 0 16 38 13 
78 67 0 0 1 5 18 23 68 42 0 0 0 4 9 18 69 40 15 1 
5 32 77 105 118 24 2 2 104 118 69 18 22 28 5 15 20 5 1 3 
88 118 4 5 0 0 0 0 66 108 5 0 5 4 3 11 118 118 55 13 
118 32 3 3 7 37 66 118 48 11 1 2 118 88 5 22 1 7 17 9 
16 35 0 0 0 0 1 13 93 83 11 1 14 37 10 7 27 20 14 14 
10 62 8 4 65 25 0 1 

1.03036 878.431 313.411

78 26 0 1 11 58 6 5 24 17 13 15 15 40 10 7 95 78 10 1 
0 0 1 15 18 32 0 0 0 6 18 10 117 88 5 23 46 9 1 2 
7 37 65 117 117 31 3 3 117 117 54 13 5 4 3 12 69 105 3 0 
0 0 0 0 95 117 3 5 20 5 2 4 23 27 4 15 104 117 69 18 
117 23 2 2 5 32 74 108 69 43 15 1 0 4 8 18 69 39 0 0 
1 5 18 21 79 62 0 0 0 18 39 14 30 8 0 0 0 36 60 29 
45 2 0 0 0 3 18 24 

1.03795 599.63 339.448

0 0 0 0 0 0 139 139 0 0 2 1 0 0 139 139 0 1 7 1 
1 2 139 120 0 1 1 1 2 2 129 62 1 0 1 2 17 8 139 139 
0 3 31 64 91 23 99 44 25 44 72 23 7 5 31 30 8 7 4 3 
4 8 20 11 4 1 11 14 26 10 9 26 0 1 4 21 101 94 47 5 
23 13 7 6 6 22 74 91 7 3 0 0 0 11 31 27 3 0 25 38 
5 9 2 0 0 1 45 63 8 17 7 0 13 24 23 20 2 3 8 4 
22 19 5 0 0 1 9 12 

1.03795 599.63 339.448

88 37 3 4 0 0 0 2 13 18 25 12 3 5 1 1 5 8 19 8 
150 81 1 1 0 0 0 0 167 103 0 0 65 40 6 13 5 0 1 9 
7 31 91 95 42 4 0 1 33 79 96 26 104 13 0 4 1 2 1 4 
167 75 0 0 13 5 0 3 10 10 25 23 7 5 6 24 81 84 22 16 
70 22 7 7 58 19 20 54 4 1 0 4 167 47 0 1 0 0 0 8 
25 11 10 4 0 0 0 21 30 21 5 2 5 6 5 11 35 7 6 9 
0 0 0 7 167 30 0 0 

1.04121 695.292 353.541

0 0 0 59 129 11 0 0 2 0 0 54 129 14 0 3 80 5 0 9 
37 4 1 89 18 3 3 12 12 1 8 49 0 0 0 9 129 102 0 0 
7 5 2 17 129 78 0 1 118 72 4 7 38 2 0 10 22 39 8 13 
28 1 0 1 0 0 0 128 122 30 0 0 4 0 0 129 129 22 1 4 
73 38 0 3 34 7 4 19 38 53 2 1 12 6 0 1 0 0 0 129 
118 1 0 0 9 1 1 102 65 9 1 7 22 11 0 2 2 0 4 28 
14 19 9 1 0 1 1 7 

1.04249 613.364 332.126

26 24 1 3 8 14 3 2 0 2 18 43 37 30 3 0 0 12 23 26 
36 6 0 0 0 0 0 40 123 5 0 0 72 10 0 17 39 3 1 19 
9 28 60 133 133 25 4 4 95 133 66 38 43 9 4 17 8 7 0 43 
133 4 0 0 43 23 3 4 48 15 1 24 6 4 2 18 133 133 70 20 
81 22 2 6 45 38 89 119 7 2 0 37 133 3 0 6 45 48 4 3 
6 2 0 0 1 1 1 8 23 46 35 2 0 0 1 16 74 19 33 8 
0 0 0 9 133 4 0 0 

1.04518 617.91 462

11 9 1 1 27 47 4 1 0 0 11 36 43 58 6 0 3 10 42 23 
8 7 1 1 7 20 16 5 0 0 0 2 83 37 1 7 65 35 4 4 
2 16 81 133 133 52 6 3 81 133 133 63 17 10 9 27 46 31 7 1 
0 0 1 31 58 43 35 16 45 6 0 6 3 8 16 40 133 133 86 9 
102 32 9 7 15 91 133 133 63 3 0 0 0 0 3 69 7 11 10 1 
5 16 6 2 15 10 2 1 3 58 20 7 3 0 0 1 5 96 51 19 
9 0 0 5 5 4 9 24 

1.04622 950.341 594.705

0 0 0 1 161 12 0 0 2 0 0 9 173 6 0 0 33 7 0 3 
46 1 0 5 7 5 0 0 1 0 0 0 0 0 0 3 173 26 0 0 
4 2 0 32 173 8 0 0 53 13 1 9 55 2 0 5 12 1 0 0 
0 0 0 4 0 0 0 11 173 5 0 0 3 0 0 20 173 35 1 2 
50 3 0 3 51 15 3 23 9 2 1 0 0 0 0 2 0 0 0 20 
173 4 0 0 2 0 0 43 173 4 0 1 27 1 0 6 32 3 1 11 
1 1 1 2 5 0 0 1 

1.04966 961.54 420.328

0 0 0 4 170 9 0 0 0 0 0 17 173 3 0 0 21 2 0 3 
67 1 0 2 4 1 0 0 1 0 0 0 0 0 0 0 173 52 0 0 
0 0 0 13 173 20 0 0 35 4 0 10 79 2 0 6 6 0 1 2 
3 0 0 2 0 0 0 19 173 32 0 0 0 0 0 11 173 22 0 0 
15 1 1 3 66 13 2 9 5 0 0 1 2 0 0 2 0 0 0 30 
154 3 0 0 0 0 0 16 173 3 0 0 6 3 1 5 52 1 0 1 
4 1 0 0 0 1 0 2 

1.05163 534.652 494.899

0 0 0 29 173 1 0 0 4 1 0 11 173 7 0 0 54 8 0 4 
36 0 0 0 6 3 3 7 1 0 0 0 0 0 0 11 173 6 0 0 
6 0 0 15 173 4 0 0 66 7 0 5 48 1 0 1 6 4 1 3 
2 0 2 0 0 0 0 22 173 1 0 0 4 0 0 7 173 18 0 1 
51 6 0 1 42 6 0 5 6 3 0 0 0 1 3 2 0 0 0 8 
173 4 0 0 4 0 0 24 173 1 0 0 39 3 0 6 32 0 1 13 
3 0 0 0 0 0 4 7 

1.05503 486.364 830.631

57 3 0 4 27 0 0 4 11 1 0 55 207 0 0 1 74 0 0 12 
83 0 0 14 7 2 4 1 2 2 0 2 74 0 0 3 58 1 0 9 
14 2 0 41 207 2 0 2 94 22 0 9 87 1 0 5 6 4 3 3 
4 3 3 2 68 0 0 2 76 2 0 17 9 0 0 13 207 9 0 4 
80 11 0 1 80 5 0 15 11 7 3 7 3 1 0 1 61 3 0 3 
70 0 0 4 8 0 0 23 207 0 0 1 54 0 0 2 54 0 0 14 
4 0 0 0 1 2 1 3 

1.056 922.87 639.377

0 0 0 2 16 5 0 0 0 0 0 6 131 6 0 0 1 0 0 13 
188 13 0 0 21 0 0 1 45 3 0 8 0 0 0 5 26 8 1 0 
0 0 0 9 154 19 4 0 2 0 0 20 188 12 0 1 25 0 0 2 
51 1 1 17 0 0 0 0 7 19 5 0 0 0 0 11 180 21 6 0 
2 0 0 21 188 13 1 3 20 0 0 0 37 6 2 21 0 0 0 2 
4 4 1 0 0 0 0 5 180 7 0 0 1 0 0 9 188 8 1 2 
6 0 0 0 22 5 4 12 

1.06137 676.178 304.691

16 5 1 34 27 2 0 0 0 0 0 105 44 11 2 0 4 1 0 90 
135 5 1 0 118 7 1 23 22 0 0 15 18 2 2 13 37 16 0 0 
0 0 0 10 66 78 33 0 15 2 0 21 149 36 7 3 149 9 0 7 
35 1 0 28 7 1 2 9 4 7 40 15 0 0 0 3 98 42 52 15 
25 0 0 15 149 27 2 7 149 0 0 0 26 2 0 48 12 1 0 0 
0 1 52 41 0 0 0 13 149 36 44 16 16 0 0 10 149 37 2 11 
135 0 0 0 9 6 1 41 

1.06282 713.579 342.569

0 0 0 76 142 4 0 0 29 32 10 50 126 7 0 0 42 45 10 12 
24 14 1 2 0 5 33 14 22 18 2 0 0 0 0 10 142 54 0 0 
10 45 22 47 142 28 2 1 30 142 48 16 20 10 3 4 0 18 34 23 
18 20 4 0 0 0 0 8 142 44 0 0 2 4 1 11 142 123 34 3 
25 52 11 3 11 43 64 21 2 22 36 31 6 4 1 1 0 0 0 5 
142 83 0 0 0 0 0 4 142 79 3 0 0 2 2 9 34 26 9 0 
1 1 4 13 36 23 3 2 

1.06944 720.36 304.669

0 0 0 12 91 10 0 0 15 0 0 56 153 8 0 3 153 1 1 14 
33 0 0 61 37 2 2 2 1 0 0 46 0 0 0 13 112 27 0 0 
35 0 0 14 153 20 0 6 153 10 0 0 40 2 0 36 51 3 0 1 
2 6 3 9 0 0 0 78 105 3 0 0 23 0 0 49 153 11 7 25 
153 3 0 0 20 2 5 91 46 4 0 0 0 0 1 14 0 0 0 18 
78 35 4 3 26 0 0 5 153 33 2 20 99 3 1 0 3 1 1 45 
14 14 7 0 0 0 0 2 

1.07768 413.132 829.06

69 4 0 0 0 0 0 10 48 19 4 15 62 0 0 7 10 2 1 52 
195 2 0 3 44 0 0 3 37 2 1 16 77 11 0 0 0 0 0 6 
40 12 1 11 106 3 0 13 21 3 1 55 195 2 0 1 74 11 0 7 
28 0 0 4 85 3 0 0 0 0 0 8 55 3 0 4 133 2 0 11 
23 2 0 24 195 1 0 2 77 14 1 2 26 0 0 4 69 1 0 0 
0 0 0 7 46 1 0 12 114 0 0 4 19 0 0 24 195 2 0 6 
50 1 0 0 16 0 0 19 

1.08522 680.543 337.697

5 0 0 14 25 1 0 6 0 0 0 39 126 16 0 0 0 0 1 48 
142 28 0 0 0 1 11 79 97 3 0 0 8 0 0 5 30 27 2 4 
0 0 0 7 95 88 19 0 0 0 4 134 150 47 2 0 4 0 22 150 
52 2 7 27 13 0 0 3 25 12 1 5 0 0 0 26 135 21 5 0 
0 0 0 34 150 80 16 6 1 0 2 17 43 31 77 97 6 0 1 5 
29 1 0 2 0 0 0 22 120 2 0 0 0 0 0 13 150 57 8 2 
4 1 0 1 18 24 31 30 

1.10082 464.452 832.127

134 0 0 0 0 0 0 5 49 0 0 5 48 0 0 6 7 0 0 36 
166 0 0 1 34 1 0 3 31 1 0 7 166 2 0 0 0 0 0 9 
55 1 0 4 90 3 0 18 14 0 0 37 166 2 0 1 46 1 0 4 
24 0 1 4 166 3 0 0 0 0 0 9 62 4 0 5 109 0 0 4 
18 0 0 21 166 0 0 1 55 1 0 2 20 0 0 3 141 5 0 0 
0 0 0 3 43 6 1 4 90 0 0 0 16 0 0 6 166 1 0 2 
41 0 0 0 13 1 0 7 

1.10097 582.215 613.048

0 0 0 3 60 6 0 0 0 0 0 14 170 9 0 0 4 1 0 6 
170 27 0 0 25 8 0 0 20 2 0 1 0 0 0 2 77 7 0 0 
0 0 0 4 170 42 0 0 2 1 0 5 170 33 0 0 27 12 0 2 
37 2 0 2 0 0 0 16 68 3 0 0 0 0 0 32 170 6 0 0 
1 1 0 28 170 6 0 0 19 8 0 4 33 2 0 2 0 0 0 25 
45 2 0 0 0 0 0 15 170 9 0 0 2 1 0 9 170 11 0 0 
24 9 0 3 28 0 0 1 

1.10934 576.877 604.294

0 0 0 20 50 2 0 0 0 0 0 8 171 22 0 0 2 2 0 2 
175 37 0 0 25 10 0 1 26 2 0 2 0 0 0 4 54 13 0 0 
0 0 0 3 147 65 0 0 3 0 0 7 175 55 0 2 34 1 0 1 
43 3 0 19 0 0 0 4 50 4 0 0 0 0 0 35 169 10 0 0 
4 2 0 53 175 5 0 1 31 11 0 5 32 0 0 6 0 0 0 5 
36 4 0 0 0 0 0 7 158 14 0 0 3 1 0 11 175 16 0 2 
28 6 0 2 21 3 0 13 

1.12039 653.995 309.02

21 46 2 2 63 13 0 0 1 1 0 5 152 79 1 3 84 0 0 1 
72 30 5 88 20 0 0 0 0 1 14 58 12 120 16 15 35 2 0 0 
12 12 5 70 152 24 0 3 152 1 5 17 77 7 1 62 29 9 24 6 
1 1 5 31 75 65 6 14 30 3 0 0 36 13 0 12 152 80 2 10 
100 1 4 9 55 24 9 46 48 7 12 12 5 1 9 41 56 66 8 20 
18 0 0 0 32 30 6 45 152 16 0 4 54 0 0 4 39 6 19 78 
9 0 0 2 11 7 56 65 

1.13414 612.563 372.898

26 0 0 1 0 6 27 112 19 0 9 62 14 0 0 52 0 7 29 65 
23 3 0 0 7 3 2 4 16 7 2 5 55 0 0 8 23 9 8 38 
9 6 37 131 131 1 0 6 0 129 128 61 16 0 0 0 11 75 57 2 
2 0 0 5 11 0 0 1 46 45 67 29 1 2 5 32 131 100 3 2 
6 103 55 16 80 43 6 7 35 131 46 0 0 0 1 11 0 0 0 0 
35 51 31 1 0 0 0 0 131 131 2 0 4 3 0 0 36 131 61 19 
16 14 11 16 10 9 18 29 

1.13513 226.068 833.51

162 44 0 0 29 1 0 0 15 5 0 2 162 19 0 1 35 0 0 0 
50 7 0 12 4 0 0 0 2 1 1 2 162 66 0 2 28 1 0 0 
35 12 0 22 162 5 0 0 43 18 0 9 66 2 0 3 6 2 0 0 
4 2 0 1 162 45 0 2 25 1 0 0 57 9 0 3 162 18 0 0 
59 8 0 1 78 5 0 2 11 3 0 3 2 0 0 0 162 27 0 0 
16 1 0 0 60 9 0 0 162 9 0 0 46 1 0 0 71 2 0 0 
9 0 0 1 0 0 0 0 

1.14403 638.914 842.017

8 3 0 12 18 0 0 0 167 8 0 6 20 3 1 20 31 0 0 7 
167 28 2 10 3 0 0 2 29 8 9 3 23 2 0 14 52 1 0 2 
167 4 0 6 43 4 2 44 42 0 0 12 167 22 2 13 12 2 0 6 
39 4 1 8 30 0 0 2 45 10 1 4 167 3 0 4 54 3 2 26 
42 3 0 46 167 4 0 3 12 12 2 14 31 1 1 2 19 3 0 3 
28 6 0 0 167 22 0 4 54 1 0 1 36 3 0 25 167 0 0 1 
29 4 1 4 21 0 1 4 

1.14403 638.914 842.017

37 1 1 3 29 5 1 3 167 10 0 0 50 9 0 4 37 3 0 0 
167 44 0 0 24 9 0 0 9 2 0 1 39 1 1 1 13 14 2 12 
167 11 0 1 48 6 0 19 47 6 1 9 167 16 0 0 45 13 1 2 
26 0 0 1 33 5 1 6 12 2 1 4 167 44 2 8 39 0 0 4 
46 8 2 20 167 10 0 4 55 1 0 0 26 4 0 10 17 6 8 4 
4 0 0 1 167 42 2 5 19 0 0 3 29 8 1 11 167 14 0 4 
17 0 0 0 14 5 0 12 

1.15674 1124.52 845.596

169 0 0 1 24 0 0 25 12 0 0 37 169 1 0 2 11 3 1 18 
83 1 1 5 5 1 0 0 0 0 2 7 169 2 0 4 42 0 0 22 
11 1 0 49 169 5 0 1 22 12 2 18 84 2 0 6 10 4 0 0 
0 0 0 4 169 0 0 1 48 1 0 13 8 0 0 10 169 33 0 1 
25 3 0 3 79 16 3 19 6 0 0 0 0 0 3 7 134 0 0 4 
41 0 0 12 4 0 0 37 169 2 0 0 23 6 0 10 59 1 0 0 
6 3 1 0 0 0 1 0 

1.17062 407.54 828.81

97 11 0 0 0 0 0 0 37 12 0 2 74 2 0 2 8 0 0 2 
191 10 0 0 49 1 0 0 38 1 0 0 127 10 0 0 0 0 0 1 
68 4 0 2 88 10 0 12 8 0 0 4 191 27 0 2 53 1 0 0 
51 4 0 7 140 8 0 0 0 0 0 4 52 18 3 17 82 1 0 2 
7 2 1 45 191 5 0 1 41 3 0 3 44 2 0 12 108 8 0 0 
0 0 0 1 42 4 0 1 74 4 0 3 6 3 0 10 191 8 0 0 
39 16 0 3 34 0 0 0 

1.17256 321.782 825.792

80 5 0 0 0 0 0 5 18 1 0 0 110 25 0 7 7 1 0 0 
196 71 0 2 32 4 0 0 18 5 0 6 92 25 0 0 0 0 0 0 
39 19 0 2 113 15 0 1 5 3 0 9 196 40 0 0 36 15 0 3 
46 1 0 0 104 12 0 0 0 0 0 0 42 15 2 9 101 5 0 1 
8 1 0 26 196 16 0 0 60 2 0 4 50 2 0 2 84 1 0 0 
0 0 0 7 41 1 0 0 71 7 0 5 7 0 0 2 196 24 0 0 
53 1 0 0 44 2 0 2 

1.17424 875.455 834.748

18 0 0 3 86 1 0 4 2 1 1 28 209 3 0 0 24 7 1 7 
49 4 1 5 2 0 0 0 0 2 6 5 32 3 0 2 128 3 0 2 
6 5 2 38 209 5 0 0 79 24 3 14 62 1 0 2 9 0 0 0 
0 0 2 2 34 1 0 6 130 0 0 4 6 0 0 8 209 23 1 5 
79 3 0 1 63 12 2 26 9 2 4 0 0 0 0 0 18 2 0 8 
98 2 0 0 1 0 0 6 209 25 1 4 11 0 1 3 37 11 3 22 
1 0 6 2 0 0 0 0 

1.18842 579.138 373.047

67 0 0 0 0 0 2 73 19 1 5 17 19 11 10 44 5 15 14 10 
6 6 2 5 1 2 2 18 23 1 0 1 123 0 0 0 12 4 4 97 
17 10 24 98 123 29 10 31 54 113 47 40 24 5 2 14 11 15 4 23 
45 0 0 0 123 0 0 0 10 18 8 120 17 1 1 11 123 123 39 33 
53 15 7 27 38 75 55 73 12 3 33 98 23 0 0 4 123 2 0 2 
3 4 2 89 16 1 1 18 123 98 8 13 0 0 1 28 123 61 9 2 
0 0 23 51 49 10 1 1 

1.19697 857.832 353.956

22 0 0 0 0 44 61 22 121 1 0 4 3 2 5 66 29 1 5 121 
70 0 0 10 10 20 52 121 20 0 0 2 7 0 0 0 36 121 49 13 
105 6 2 5 28 26 12 79 10 1 2 53 121 38 8 9 16 4 7 25 
58 23 47 70 2 0 0 5 121 67 3 2 30 27 33 23 37 21 11 10 
2 4 16 45 121 34 40 18 0 0 0 0 11 14 80 121 0 0 0 3 
57 72 30 0 0 0 4 3 11 49 121 0 0 0 1 3 3 15 121 42 
5 0 0 0 0 0 45 121 

1.22317 681.265 349.296

0 0 0 0 96 54 0 0 0 0 0 3 139 121 4 1 2 3 16 16 
57 17 2 3 0 2 15 18 24 9 7 1 0 0 0 20 125 12 0 0 
0 0 0 35 139 46 0 0 0 0 6 29 127 39 1 0 0 12 59 29 
19 8 1 0 0 0 0 21 86 16 0 0 0 0 0 3 112 139 13 0 
0 0 0 2 33 139 40 0 0 1 14 10 24 139 63 2 0 0 0 11 
20 6 2 2 0 0 0 0 5 79 37 5 0 0 0 0 5 139 42 0 
0 0 0 0 1 130 109 1 

1.22317 681.265 349.296

0 0 16 35 0 0 1 4 0 0 21 145 17 0 0 0 0 0 5 146 
112 1 0 0 1 0 0 40 86 27 31 2 0 0 21 73 26 0 0 0 
0 0 24 146 109 1 0 0 0 1 37 146 31 0 0 0 2 22 20 47 
8 1 1 1 0 0 0 11 71 29 5 0 0 0 0 32 146 40 0 0 
0 5 21 83 144 11 0 0 11 49 29 19 4 1 0 0 0 0 0 11 
63 21 4 0 0 0 0 4 146 44 0 0 0 5 5 20 146 77 1 0 
14 73 10 6 10 25 6 0 

1.22984 651.659 348.058

0 1 0 0 36 24 2 0 0 0 0 26 138 29 0 0 17 15 11 37 
58 6 0 2 32 10 1 0 6 27 7 10 1 0 0 1 51 30 15 11 
2 1 6 117 138 24 1 1 109 18 23 78 52 5 1 60 68 2 0 0 
1 13 33 111 4 1 0 1 82 25 7 10 1 0 0 11 138 138 18 6 
137 6 1 5 37 59 42 96 138 13 0 1 0 3 7 53 3 5 11 27 
38 4 0 0 0 0 1 19 138 72 4 0 28 25 2 4 64 44 11 7 
70 77 8 3 0 0 0 0 

1.23288 532.369 479.093

0 0 0 0 170 28 0 0 1 0 0 0 170 44 0 0 21 8 0 1 
41 5 0 0 5 3 1 0 0 0 0 0 0 0 0 1 170 42 0 0 
0 0 0 2 170 48 0 0 34 7 0 1 80 3 0 3 10 0 0 0 
0 0 0 2 0 0 0 20 170 8 0 0 0 0 0 24 170 7 0 0 
32 3 0 1 80 5 0 5 7 2 0 0 0 0 0 1 0 0 0 19 
170 1 0 0 0 0 0 14 170 3 0 0 19 2 0 2 59 1 0 3 
5 2 0 0 0 0 0 1 

1.24617 957.844 403.036

0 0 0 5 154 9 0 0 0 0 0 2 175 38 0 0 12 3 0 1 
37 9 0 4 1 0 0 0 0 0 2 0 0 0 0 0 175 22 0 0 
0 1 1 16 175 15 0 0 14 18 4 12 58 2 0 1 2 3 4 0 
0 0 0 0 0 0 0 2 175 39 0 0 1 0 0 4 175 24 0 0 
34 4 0 1 72 10 0 5 5 0 0 0 0 0 0 0 0 0 0 0 
175 19 0 0 0 0 0 0 175 21 0 0 22 0 0 0 67 4 0 1 
3 0 0 0 0 0 0 0 

1.24977 848.69 278.842

1 1 0 0 85 21 0 0 4 7 1 3 100 7 0 0 0 0 0 1 
185 27 0 0 11 2 0 0 57 6 0 1 0 0 0 1 130 24 0 0 
6 4 0 2 113 12 0 1 0 0 0 3 185 18 0 0 11 3 0 2 
84 1 0 2 0 0 0 5 131 13 0 0 5 0 0 6 112 11 0 1 
0 0 0 6 185 9 0 0 9 2 0 1 85 4 0 9 0 0 0 5 
105 6 0 0 0 0 0 22 91 1 0 0 0 0 0 15 185 1 0 0 
11 3 0 2 69 1 0 2 

1.26529 559.634 360.122

0 0 0 0 125 31 0 0 0 0 0 0 125 75 1 0 0 0 0 0 
136 61 0 0 9 1 0 0 19 2 0 2 0 0 0 1 132 50 0 0 
0 0 0 7 114 100 9 0 1 0 0 6 136 52 1 0 16 1 0 1 
33 2 0 2 0 0 0 25 136 6 0 0 0 0 2 103 128 7 0 0 
0 0 0 69 136 9 0 0 13 0 0 0 30 5 1 3 0 0 0 11 
136 2 0 0 0 0 0 68 136 1 0 0 0 0 0 54 136 2 0 0 
1 1 0 1 13 3 4 1 

1.27937 913.176 317.487

0 0 0 4 170 5 0 0 0 0 0 7 170 12 0 0 1 1 0 4 
74 10 3 1 3 2 0 0 0 0 1 1 0 0 0 20 170 5 0 0 
0 0 0 31 170 8 0 0 8 11 3 21 82 2 1 0 1 2 2 3 
2 0 0 1 0 0 0 8 170 10 0 0 0 0 0 18 170 24 0 0 
10 4 1 5 87 14 1 4 5 1 0 1 0 0 0 3 0 0 0 5 
170 11 0 0 0 0 0 27 170 4 0 0 1 0 0 6 64 1 1 4 
2 0 0 0 0 0 0 3 

1.28239 963.653 430.087

0 0 0 17 170 7 0 0 0 0 0 1 170 26 0 0 1 1 0 1 
60 5 0 0 3 1 0 0 0 0 0 2 0 0 0 5 170 12 0 0 
0 0 0 5 170 25 0 0 7 3 0 5 93 2 0 1 3 2 0 0 
0 0 1 2 0 0 0 8 170 8 0 0 0 0 0 20 170 4 0 0 
10 2 0 5 93 3 0 3 5 1 0 0 0 0 2 3 0 0 0 5 
170 7 0 0 0 0 0 12 170 3 0 0 13 3 0 3 73 1 0 0 
7 2 0 0 0 0 0 0 

1.29585 822.211 355.895

0 1 26 44 4 0 0 0 0 0 77 104 5 0 0 0 0 19 123 75 
0 0 0 0 3 65 41 11 1 0 0 0 0 0 6 41 63 0 1 0 
0 4 70 124 124 6 0 0 33 111 124 55 11 2 0 2 14 85 67 44 
0 0 0 0 0 0 1 37 79 11 0 0 1 1 3 34 124 75 6 2 
52 41 34 38 34 35 16 20 11 21 88 124 0 0 0 0 1 1 4 23 
53 20 0 0 0 0 0 31 124 27 0 0 0 0 44 124 91 16 1 0 
2 1 47 110 3 3 3 3 

1.31892 531.557 436.618

0 0 0 13 173 0 0 0 1 0 0 32 173 0 0 0 29 7 0 9 
51 0 0 1 3 0 0 0 0 0 0 0 0 0 0 22 173 3 0 0 
3 0 0 27 173 2 0 0 52 2 0 6 58 1 0 8 5 0 0 0 
0 0 0 0 0 0 0 8 173 24 0 0 3 0 0 25 173 10 0 2 
29 3 0 3 43 5 2 18 1 0 0 0 1 1 0 1 0 0 0 39 
173 2 0 0 3 1 0 37 173 1 0 0 21 10 1 4 20 1 0 3 
1 1 0 0 1 0 0 0 

1.31905 677.978 307.403

2 5 2 8 56 0 0 1 31 19 2 23 145 0 0 0 145 97 9 5 
10 0 0 0 33 27 51 31 3 0 0 0 1 0 0 9 87 8 5 3 
38 10 0 20 145 5 0 0 145 104 6 3 26 1 0 0 40 59 24 4 
0 0 0 2 0 0 0 2 86 36 0 0 24 1 0 4 145 45 0 9 
145 40 1 0 23 9 0 47 84 32 3 0 0 0 0 54 0 0 0 12 
69 6 0 0 16 0 0 6 145 15 0 16 145 2 0 0 10 4 0 81 
60 11 1 0 0 0 0 40 

1.31905 677.978 307.403

0 0 0 54 42 6 1 0 4 1 0 112 128 1 0 0 147 8 1 32 
24 0 0 19 84 2 0 0 0 0 0 25 0 0 0 52 74 36 2 0 
20 5 0 64 147 31 1 1 147 21 0 14 28 0 0 16 100 25 0 0 
0 0 0 7 0 0 0 2 52 54 30 4 30 0 0 1 147 58 4 8 
147 2 0 0 33 3 0 53 77 9 5 2 0 0 0 17 2 0 0 4 
72 29 50 19 20 0 0 3 147 54 5 11 147 0 0 0 16 8 2 47 
34 1 1 2 3 6 1 10 

1.32024 933.027 622.129

0 0 0 0 50 13 0 0 0 0 0 0 138 13 0 0 0 0 0 1 
185 14 0 0 7 1 0 2 57 2 0 1 0 0 0 0 43 36 0 0 
0 0 0 0 145 52 0 0 0 0 0 10 185 22 0 0 9 5 0 7 
72 1 0 2 0 0 0 3 43 14 0 0 0 0 0 2 172 30 0 0 
0 0 0 10 185 12 0 0 6 1 0 2 66 5 3 12 0 0 0 7 
28 6 0 0 0 0 0 12 153 7 0 0 0 0 0 35 185 3 0 0 
5 0 0 2 40 2 1 11 

1.34276 588.442 627.706

0 0 0 5 127 11 0 0 0 0 0 9 187 14 0 0 21 4 0 2 
91 2 0 2 7 3 4 2 0 0 0 0 0 0 0 3 160 13 0 0 
0 0 0 10 187 16 0 0 22 3 1 8 111 1 0 1 5 2 3 1 
0 0 0 1 0 0 0 33 138 0 0 0 0 0 0 27 187 1 0 0 
20 10 0 8 107 0 0 0 5 4 1 0 0 0 0 1 0 0 0 25 
116 0 0 0 0 0 0 52 187 0 0 0 23 5 0 12 68 0 0 1 
5 2 2 0 0 0 0 0 

1.34529 954.53 391.454

0 0 0 45 164 0 0 0 0 0 0 12 174 7 0 0 10 2 0 2 
70 3 0 1 2 2 2 0 0 0 0 1 0 0 0 47 174 1 0 0 
0 0 0 15 174 8 0 0 25 1 0 7 90 2 1 4 2 0 0 0 
0 2 2 3 0 0 0 33 174 0 0 0 1 0 0 17 174 2 0 0 
24 0 0 1 84 3 0 4 2 0 0 1 1 0 1 2 0 0 0 25 
139 0 0 0 0 0 0 30 174 1 0 0 13 1 0 2 57 2 0 3 
1 0 0 0 0 1 2 1 

1.35678 775.208 302.146

0 0 0 0 11 68 42 2 43 1 0 0 115 154 15 21 154 25 0 0 
8 13 3 37 40 13 7 2 0 0 4 13 5 6 1 3 29 13 13 4 
26 11 1 20 154 50 3 5 154 61 2 6 33 5 0 24 89 10 10 12 
0 0 3 21 3 1 0 2 42 27 16 2 30 0 0 13 154 16 0 17 
154 11 2 1 32 6 0 74 47 16 25 21 0 0 0 8 0 0 0 2 
53 35 3 0 46 1 0 26 154 7 0 4 154 5 0 3 13 0 0 27 
23 4 2 0 0 0 3 27 

1.36193 570.393 597.627

0 0 0 5 93 6 0 0 0 0 0 14 198 21 0 0 30 8 0 5 
87 6 0 6 6 1 1 1 0 0 2 2 0 0 0 4 109 10 0 0 
0 0 0 9 198 26 0 0 30 15 1 5 123 6 0 6 5 4 3 2 
0 0 0 0 0 0 0 24 114 0 0 0 0 0 0 38 198 3 0 0 
37 5 0 2 131 3 0 3 10 1 0 0 0 0 0 2 0 0 0 10 
102 7 0 0 0 0 0 13 198 10 0 0 30 1 0 1 99 1 0 4 
8 0 0 0 0 0 0 2 

1.36272 966.866 482.387

0 0 2 7 25 23 2 0 0 0 0 0 173 61 0 0 0 0 0 0 
187 62 0 0 6 1 0 1 28 6 0 6 0 5 17 23 13 2 0 0 
1 9 2 5 128 86 7 0 1 0 0 6 187 79 0 0 7 1 0 4 
48 2 0 2 0 7 4 9 24 0 0 0 1 21 11 44 123 5 0 0 
0 0 0 59 187 7 0 0 2 4 1 3 49 2 0 2 0 0 2 15 
27 0 0 0 0 0 6 76 100 0 0 0 0 0 0 61 187 0 0 0 
2 2 0 3 30 0 1 3 

1.36612 673.043 841.6

41 10 0 1 26 8 0 0 165 58 0 1 49 4 0 0 22 6 0 4 
165 16 0 1 22 5 0 1 19 1 0 3 27 5 0 1 25 9 0 1 
165 60 0 2 46 3 0 1 45 12 0 12 165 5 0 0 32 7 0 3 
30 0 0 3 14 3 0 2 30 4 0 0 165 43 0 3 43 3 0 0 
63 10 0 9 165 20 0 0 43 6 0 2 31 3 1 4 11 1 0 5 
26 3 0 1 165 19 0 2 30 3 0 1 65 4 0 0 165 25 0 1 
34 2 0 0 30 6 0 5 

1.36612 673.043 841.6

17 3 0 8 31 1 0 0 168 8 0 4 44 0 0 6 42 1 0 11 
168 1 0 3 27 1 0 2 20 1 0 9 25 1 1 5 40 3 0 3 
168 5 0 1 59 4 0 29 48 1 0 5 168 12 0 6 31 3 0 1 
19 1 0 4 34 0 0 5 32 6 0 7 168 0 0 1 56 8 0 40 
36 2 0 2 168 24 0 5 26 5 0 1 22 2 0 2 35 0 0 6 
21 3 0 3 168 0 0 0 39 5 0 15 31 1 0 1 168 28 0 2 
27 6 0 1 25 3 0 2 

1.36777 783.775 300.046

0 0 0 7 105 36 1 2 57 35 2 5 128 67 1 2 96 113 19 3 
3 1 0 0 0 12 32 8 0 1 0 0 0 0 1 7 68 34 9 4 
13 40 6 20 149 43 0 0 67 149 33 9 34 0 0 0 7 95 45 0 
0 0 0 0 4 0 0 39 81 12 10 11 6 7 0 36 149 29 0 0 
93 121 3 2 65 16 0 0 38 121 4 0 0 0 0 0 1 0 3 89 
52 0 0 0 0 0 0 37 149 41 0 0 35 26 0 0 41 48 8 4 
32 70 1 0 0 0 0 1 

1.38311 811.46 271.975

27 18 4 4 0 0 0 0 0 1 5 15 167 10 0 0 1 0 0 0 
194 37 0 0 27 1 0 0 37 3 0 2 38 36 5 14 4 0 0 0 
0 4 14 27 137 11 0 0 2 0 0 4 194 48 0 0 33 0 0 0 
63 6 0 2 48 42 1 7 18 1 0 0 1 5 10 41 114 0 0 0 
1 0 1 36 194 4 0 0 25 0 0 1 66 2 0 4 54 17 0 0 
22 6 0 0 5 2 0 14 118 0 0 0 1 0 0 17 194 1 0 0 
11 0 0 1 44 1 0 5 

1.38471 683.998 337.99

0 0 0 34 77 5 0 0 0 0 11 97 138 10 0 0 10 26 72 111 
68 0 0 0 62 138 46 7 2 0 0 0 0 0 0 5 81 57 1 0 
0 0 1 105 138 44 3 1 22 2 6 131 68 5 16 57 103 28 6 3 
1 0 3 47 1 0 0 13 104 12 0 0 0 0 0 18 138 85 21 5 
2 0 0 7 35 35 96 93 11 2 1 3 8 5 31 49 0 0 0 35 
77 0 0 0 0 0 0 48 138 21 3 0 2 4 8 15 27 11 15 10 
1 6 22 25 18 5 7 3 

1.40956 536.412 407.169

0 0 0 1 173 40 0 0 1 0 0 1 173 31 0 0 27 2 0 0 
43 5 0 5 4 0 0 0 1 0 0 0 0 0 0 6 173 10 0 0 
1 0 0 5 173 23 0 0 34 5 0 4 66 2 0 2 5 2 0 0 
0 0 0 0 0 0 0 3 173 5 0 0 1 0 0 14 173 4 0 0 
32 3 0 4 66 3 0 4 6 1 0 1 1 1 0 1 0 0 0 5 
173 5 0 0 1 0 0 17 173 0 0 0 31 1 0 2 51 0 0 5 
5 1 0 0 0 2 0 0 

1.41394 579.941 615.437

0 0 0 10 143 1 0 0 2 0 0 17 186 5 0 0 29 5 0 2 
54 1 0 1 5 1 0 0 1 2 0 1 0 0 0 3 183 14 0 0 
1 0 0 5 186 34 0 0 30 15 0 2 79 4 0 0 5 8 5 2 
1 0 0 0 0 0 0 20 164 7 0 0 0 0 0 29 186 11 0 0 
23 11 0 6 83 2 0 0 6 6 3 0 0 0 0 0 0 0 0 19 
117 8 0 0 1 0 0 13 186 12 0 0 26 7 0 5 64 0 0 4 
5 1 0 0 0 0 0 2 

1.42452 625.565 304.967

0 0 0 33 116 9 2 2 0 0 0 5 189 45 2 1 11 11 1 4 
64 4 0 1 2 2 2 0 0 0 0 0 43 1 2 43 70 13 5 28 
10 0 0 3 189 63 6 14 22 2 0 3 106 5 0 6 4 0 0 0 
0 0 1 2 89 1 0 11 61 17 6 92 15 0 0 3 189 47 4 20 
20 6 0 4 111 3 0 7 3 2 0 0 1 1 1 2 43 0 0 0 
59 18 9 135 4 0 0 22 189 27 4 14 25 7 0 9 85 0 0 6 
3 0 0 1 1 0 0 3 

1.4352 815.548 280.518

54 0 0 0 36 35 6 25 23 2 0 0 139 82 1 2 134 31 5 3 
11 6 0 2 8 7 17 43 43 0 0 0 82 0 0 0 64 8 0 17 
13 6 0 12 139 22 0 0 119 48 5 15 34 1 0 0 7 6 12 93 
65 0 0 0 72 3 0 7 61 4 0 8 13 0 0 12 139 18 0 2 
118 10 0 10 52 4 0 8 6 2 0 107 139 0 0 0 44 4 1 16 
46 0 0 1 6 0 0 28 139 5 0 9 45 0 0 10 49 4 0 33 
1 0 0 120 139 0 0 0 

1.50018 692.852 307.408

5 3 0 4 29 15 16 12 1 0 0 32 142 9 0 1 122 0 0 5 
62 7 1 64 134 11 0 0 0 0 0 33 0 0 0 2 71 52 17 1 
9 1 0 25 142 23 0 2 142 4 0 11 45 2 0 27 142 12 0 0 
0 0 0 9 0 0 6 32 88 4 0 0 9 0 0 20 142 23 1 8 
142 3 0 1 33 10 2 51 123 20 0 0 0 0 0 22 0 0 1 15 
69 24 2 0 16 0 0 26 142 7 0 7 105 3 0 1 15 0 0 72 
62 5 0 0 0 0 0 66 

1.55525 873.733 313.087

0 2 26 66 39 6 0 0 6 16 48 36 81 6 0 1 0 2 25 59 
75 7 0 0 0 0 7 60 109 7 0 0 2 2 7 23 132 82 8 5 
44 19 16 12 68 48 21 68 3 0 27 58 137 42 2 6 0 0 71 70 
79 5 0 0 0 2 7 15 95 38 4 1 13 25 14 14 92 19 8 23 
1 4 18 59 137 39 0 1 1 5 91 63 70 9 0 0 4 3 1 2 
49 21 0 0 0 10 11 8 82 29 0 0 0 5 5 5 137 135 0 0 
8 5 14 10 103 117 16 13 

1.58557 868.634 313.24

16 17 24 19 33 16 7 21 4 2 13 32 109 20 1 5 0 0 29 44 
86 3 0 0 9 1 2 22 131 12 0 4 14 10 3 7 49 24 13 35 
3 3 17 77 131 15 1 7 0 6 115 89 62 1 0 0 25 0 12 53 
73 3 3 55 1 15 12 12 66 12 0 0 0 6 8 22 131 74 0 0 
8 10 51 32 131 51 2 5 131 9 13 9 2 0 1 73 0 2 0 1 
64 24 0 0 2 3 0 0 85 110 1 0 5 1 1 2 80 131 68 32 
64 2 0 0 0 3 50 117 

1.6 532.5 430.5

0 0 0 0 173 20 0 0 1 0 0 0 173 30 0 0 19 1 0 0 
44 6 0 5 2 0 0 0 0 0 0 0 0 0 0 3 173 36 0 0 
0 0 0 4 173 29 0 0 12 7 0 2 65 5 0 3 1 1 0 0 
1 0 0 0 0 0 0 8 173 6 0 0 0 0 0 5 173 14 0 0 
16 3 0 2 74 5 0 2 4 0 0 0 1 0 0 1 0 0 0 3 
173 12 0 0 0 0 0 3 173 19 0 0 16 2 0 3 63 4 0 0 
3 0 0 0 0 0 0 0 

1.60495 831.839 270.511

17 0 0 0 92 25 1 4 0 0 0 0 207 38 0 0 8 3 0 0 
69 4 0 0 3 1 0 0 0 0 0 0 22 5 0 5 117 19 1 5 
0 0 0 13 207 21 0 0 16 4 0 4 104 1 0 0 4 1 1 0 
0 0 0 0 11 13 1 15 128 2 0 0 0 0 0 30 207 2 0 0 
22 1 0 2 103 1 0 2 3 0 0 0 0 0 0 0 4 6 0 3 
106 5 0 0 0 0 0 4 207 7 0 0 16 1 0 1 78 1 0 2 
2 0 0 0 1 0 0 0 

1.64152 653.438 300.359

14 0 0 0 51 20 4 30 10 0 0 0 83 16 5 29 0 0 0 0 
200 26 0 0 10 1 0 1 46 1 0 1 22 2 0 2 53 10 1 13 
18 7 0 0 107 13 1 13 1 0 0 4 200 22 0 0 14 0 0 1 
63 1 0 7 10 1 2 5 27 10 7 35 6 0 0 7 134 15 19 37 
1 0 0 26 200 4 0 0 12 1 0 2 56 0 0 1 45 2 6 5 
3 1 3 55 6 0 0 7 174 18 9 22 0 0 0 16 200 2 0 0 
8 3 0 2 38 0 0 0 

1.6598 565.343 587.128

0 0 0 14 91 2 0 0 0 0 0 20 201 5 0 0 21 0 0 1 
116 1 0 2 5 0 0 0 0 0 0 1 0 0 0 13 101 4 0 0 
0 0 0 11 201 10 0 0 20 4 0 4 136 2 0 1 4 3 3 0 
0 0 0 0 0 0 0 9 92 6 0 0 0 0 0 5 201 14 0 0 
17 6 0 3 137 3 0 0 4 2 1 0 0 0 0 0 0 0 0 0 
60 21 0 0 0 0 0 4 201 17 0 0 21 1 0 4 117 0 0 3 
4 0 0 0 0 0 2 2 

1.66909 1052.48 849.119

24 0 0 1 18 3 0 0 171 6 0 4 45 0 0 1 30 3 0 26 
171 0 0 0 6 4 2 4 17 0 0 0 29 0 0 5 21 2 0 2 
171 2 0 2 64 4 0 15 40 0 0 10 171 13 0 4 13 1 0 1 
22 4 0 5 31 0 0 3 13 2 0 2 171 6 0 5 64 1 0 9 
39 3 0 19 171 4 0 2 16 3 0 2 21 4 0 3 24 2 0 3 
10 1 0 0 171 13 0 3 52 0 0 0 28 3 0 9 171 1 0 1 
10 2 0 1 12 2 1 2 

2.29496 641.21 311.315

27 19 1 8 24 1 0 0 0 1 0 27 147 6 0 0 0 0 0 8 
147 39 6 0 0 0 0 0 130 34 0 0 23 9 1 16 34 0 0 1 
0 0 0 51 147 9 2 0 0 0 0 3 131 56 35 5 0 0 0 3 
147 29 2 0 9 19 2 7 43 0 0 0 0 0 0 8 147 35 11 2 
0 0 0 0 146 46 37 11 0 0 0 8 147 10 0 0 0 22 11 9 
15 0 0 0 0 0 2 11 81 18 6 1 0 0 0 3 147 21 12 2 
0 0 0 12 147 1 0 0 

2.45299 631.734 312.575

13 10 0 5 59 9 0 0 0 0 0 17 145 9 0 0 0 0 0 9 
145 15 0 0 0 0 0 0 80 12 0 0 28 19 1 4 57 10 0 0 
0 0 0 17 145 17 0 0 0 0 0 10 145 45 2 0 0 0 0 0 
119 28 0 0 22 15 2 19 45 0 0 0 0 0 0 38 145 12 4 0 
0 0 0 1 145 71 24 1 0 0 0 0 145 23 0 0 9 9 1 6 
45 0 0 0 0 0 0 9 145 25 11 3 0 0 0 0 145 38 23 7 
0 0 0 3 145 5 0 0 

2.51984 828.693 275.466

8 2 1 0 39 42 0 0 0 1 2 5 144 26 0 0 0 0 0 0 
175 40 0 0 0 0 0 0 25 4 0 0 13 14 0 0 47 25 0 0 
0 0 0 2 175 49 0 0 0 0 0 6 175 18 0 0 1 0 0 1 
44 1 0 0 36 19 1 0 34 6 0 0 0 0 0 18 175 10 0 0 
0 0 0 34 175 0 0 0 0 0 0 2 39 0 0 0 54 2 0 0 
24 4 0 5 1 0 0 12 175 5 0 0 0 0 0 24 175 0 0 0 
0 0 0 2 24 0 0 0 

2.60659 613.607 375.808

0 0 0 17 93 106 0 0 0 0 4 6 53 128 69 20 4 4 19 6 
2 8 69 132 34 26 5 2 0 0 2 31 4 3 3 4 86 59 0 1 
1 9 30 73 133 48 8 1 59 68 65 27 12 1 4 11 53 9 5 3 
0 0 0 44 11 1 0 22 99 6 0 6 4 7 3 23 133 41 0 0 
133 105 6 9 58 9 0 5 81 35 8 39 14 0 0 20 0 0 0 23 
35 17 6 5 0 0 0 3 133 133 11 1 69 37 1 1 39 82 54 35 
45 33 8 20 16 6 17 16 

4.1406 686.671 335.157

0 0 1 6 7 12 19 3 2 3 34 20 0 0 34 24 3 7 102 15 
0 0 21 27 0 9 117 13 0 0 17 7 0 1 10 26 24 0 0 0 
0 2 87 142 109 1 0 0 0 15 142 76 15 0 0 0 1 46 142 50 
0 0 0 0 1 4 6 14 43 6 2 1 0 1 5 30 142 27 0 0 
0 4 64 38 110 21 6 0 21 21 53 23 1 1 8 18 0 0 0 0 
15 34 14 1 0 0 0 0 130 142 13 0 0 0 0 1 43 115 127 1 
5 0 0 0 0 4 128 63 

4.44005 667.905 300.743

0 18 25 7 13 1 0 0 0 0 5 10 162 67 0 0 0 0 0 0 
193 76 0 0 0 0 0 0 36 3 0 0 3 11 15 13 7 0 0 0 
6 12 12 16 136 28 0 0 0 0 0 2 193 45 0 0 0 0 0 0 
63 2 0 0 22 10 1 7 42 4 0 5 22 22 3 15 135 6 0 5 
0 1 0 9 193 13 0 0 0 0 0 0 67 2 0 0 22 0 0 0 
44 11 2 13 22 0 0 0 96 21 1 20 0 0 0 0 193 48 0 0 
0 0 0 0 57 5 0 0 

4.97181 711.942 384.978

1 4 24 66 27 0 0 0 9 33 20 110 64 0 0 0 55 105 14 6 
0 0 0 0 16 22 12 3 0 0 0 0 0 0 5 33 86 0 0 0 
12 31 9 59 127 11 2 1 116 127 7 7 7 2 2 6 58 41 3 1 
0 0 0 1 0 1 18 50 64 0 0 0 4 3 29 45 127 44 14 8 
103 63 23 1 4 10 15 36 78 61 0 0 0 0 0 0 0 0 40 127 
21 0 0 0 0 19 127 127 9 1 0 0 13 127 127 2 0 0 0 1 
51 127 4 0 0 0 0 0 

4.97181 711.942 384.978

0 0 0 10 56 11 0 0 0 0 0 15 134 61 0 0 0 0 1 2 
61 134 72 0 6 0 0 0 1 90 134 76 0 0 0 34 76 7 0 0 
4 7 17 92 134 14 0 2 57 25 19 18 10 50 59 45 9 0 0 0 
0 20 134 86 0 0 0 10 82 18 7 0 8 2 2 20 134 31 12 40 
94 5 2 2 8 6 8 134 20 0 0 0 0 7 16 74 0 0 0 5 
64 29 5 2 1 0 0 3 62 35 52 84 11 0 0 0 0 5 47 134 
3 0 0 0 1 8 14 21 

5.21442 789.772 296.441

2 0 0 0 0 0 11 180 0 0 0 0 5 6 85 180 20 0 0 0 
3 2 34 136 8 0 0 0 0 3 18 41 10 0 0 0 7 3 22 180 
1 0 0 10 109 25 46 150 40 1 0 5 24 4 12 69 18 0 0 0 
0 0 11 65 11 0 1 12 38 6 20 180 0 0 0 8 114 29 34 46 
4 0 0 0 6 10 78 123 0 0 0 0 0 6 38 37 4 4 16 28 
14 0 2 12 8 1 1 8 15 3 10 56 4 1 7 4 1 7 15 32 
0 0 4 2 2 12 9 1 

5.21442 789.772 296.441

2 1 1 4 20 12 2 3 16 48 9 4 19 6 0 1 4 30 11 8 
167 61 0 0 0 0 0 0 167 132 0 0 6 1 3 9 34 10 1 5 
0 36 28 29 109 9 0 0 0 101 49 19 113 20 0 0 0 2 4 8 
167 121 0 0 0 0 8 33 24 0 0 0 0 4 3 26 125 29 0 0 
2 50 18 14 49 30 3 0 0 4 6 18 167 48 0 0 0 3 5 9 
23 1 0 0 0 0 0 5 52 30 0 0 0 0 0 3 44 40 3 0 
0 0 0 2 167 23 0 0 

5.57778 712.16 289.742

83 2 0 0 20 6 1 35 5 0 0 1 103 23 3 11 0 0 0 0 
198 38 0 0 0 0 0 0 44 3 0 0 42 0 0 8 41 1 1 49 
41 1 0 7 119 21 1 11 2 0 0 4 198 52 0 1 0 0 0 1 
69 3 0 0 5 0 0 9 60 2 1 16 54 1 0 17 126 3 0 11 
2 0 0 51 198 4 0 0 0 0 0 6 67 0 0 0 2 0 0 15 
28 1 2 4 19 0 0 19 117 2 3 11 0 0 0 55 198 0 0 0 
0 0 0 4 36 0 0 0 

5.88126 608.148 356.574

150 22 0 0 2 3 1 6 11 0 6 13 22 11 2 3 0 0 20 23 
6 7 2 0 3 5 8 22 3 0 1 0 150 111 0 0 8 2 0 1 
28 14 11 32 111 16 2 1 2 11 51 27 13 5 13 8 13 4 14 18 
1 1 15 13 150 150 0 0 2 0 0 0 72 75 0 3 44 57 39 3 
2 2 1 1 6 36 133 22 2 0 0 0 0 3 82 39 150 150 0 0 
0 0 0 0 124 150 0 0 0 4 11 2 15 33 0 0 0 35 40 2 
0 0 0 0 0 12 36 18 

6.54652 696.162 319.745

127 38 0 0 9 1 0 0 36 13 1 15 13 0 0 0 1 2 36 124 
27 0 0 0 2 60 91 28 0 0 0 0 127 127 1 0 5 1 0 0 
33 22 2 14 54 1 0 0 1 2 15 94 127 13 1 0 53 67 43 27 
28 6 4 13 127 127 1 0 0 0 0 0 47 50 3 3 31 6 0 3 
1 2 0 2 127 107 48 1 28 1 0 0 14 29 109 88 127 100 0 0 
0 0 0 0 99 44 0 0 0 3 4 17 2 0 0 0 2 47 47 6 
0 0 0 0 0 10 60 35 

7.04596 865.623 319.217

0 1 2 29 59 19 0 0 0 0 0 56 82 39 13 9 44 13 1 7 
9 4 16 94 36 18 5 0 0 0 0 29 0 4 11 15 60 29 1 0 
1 12 15 42 148 45 5 3 38 98 21 8 7 5 4 15 20 54 19 3 
0 0 0 1 0 71 148 21 22 0 0 0 0 17 112 26 93 63 14 2 
38 24 78 6 6 25 32 45 17 8 91 43 0 0 0 8 0 91 148 0 
0 0 0 0 0 56 148 4 1 2 0 0 0 8 148 20 0 1 2 2 
0 0 148 82 0 0 0 0 

10.5758 852.97 292.606

0 1 5 10 47 4 0 0 0 0 0 5 151 89 0 0 0 0 0 0 
151 115 0 0 0 0 0 0 12 6 0 0 0 26 66 22 14 2 0 0 
0 0 19 39 151 36 0 0 0 0 0 6 151 71 0 0 0 0 0 0 
41 9 0 0 3 27 34 11 3 29 46 2 0 1 35 53 99 22 23 0 
0 0 1 72 151 5 0 0 0 0 0 5 43 1 0 0 0 0 0 5 
8 40 84 0 0 0 0 90 151 44 34 0 0 0 0 116 151 1 0 0 
0 0 0 5 12 0 0 0 

10.7047 837.049 354.696

0 1 6 28 104 20 0 0 23 58 28 11 24 15 1 1 8 51 31 14 
0 0 0 1 8 6 5 9 0 0 2 6 1 0 3 6 72 48 4 4 
6 27 47 69 130 31 0 0 66 130 65 19 8 0 0 1 14 35 28 62 
2 0 0 2 6 11 7 5 78 25 4 7 9 5 4 18 130 115 2 3 
102 113 30 8 32 32 3 7 9 47 55 130 13 0 0 0 1 17 60 10 
13 7 0 0 0 0 56 56 103 119 0 0 2 33 67 96 76 58 0 0 
0 20 98 130 3 0 0 0 

11.2413 764.088 287.262

16 2 0 3 8 41 72 59 20 0 0 0 110 35 12 49 0 0 0 0 
183 67 0 0 0 0 0 0 38 4 0 0 2 3 1 3 3 7 23 13 
0 0 0 14 143 19 5 6 0 0 0 6 183 36 0 0 0 0 0 0 
66 4 0 0 4 11 9 14 6 0 0 1 0 0 4 100 107 0 0 0 
0 0 0 79 183 3 0 0 0 0 0 3 63 1 0 0 4 49 27 12 
5 0 0 0 0 1 8 77 119 0 0 0 0 0 0 96 183 0 0 0 
0 0 0 6 29 0 0 0 

12.4666 699.946 345.605

9 5 1 1 0 0 3 12 5 9 33 46 0 0 0 2 23 35 36 31 
0 0 0 0 42 24 0 0 0 0 0 1 4 18 9 13 22 1 2 0 
2 11 50 117 77 18 3 2 102 100 45 24 4 4 3 12 50 51 4 0 
0 0 0 1 0 129 129 4 13 1 0 0 3 49 80 15 64 72 28 10 
81 35 13 2 3 18 39 104 34 15 7 1 3 5 2 24 0 129 129 0 
0 0 0 0 0 129 129 0 0 1 2 1 8 129 129 0 0 0 3 12 
3 71 129 1 1 2 0 4 

12.4666 699.946 345.605

8 5 2 11 7 49 46 1 0 1 8 29 15 146 87 0 0 1 4 3 
3 146 112 0 0 0 0 0 0 146 59 0 3 1 1 21 46 22 3 1 
5 18 50 128 91 21 3 2 66 65 34 14 5 111 49 16 8 0 0 0 
0 146 81 4 0 0 0 4 101 24 0 0 5 4 3 14 117 75 72 26 
81 15 2 2 2 11 64 122 15 0 0 0 10 91 15 16 0 0 0 5 
45 14 8 1 0 0 0 0 12 19 70 28 1 0 0 3 8 9 35 25 
1 1 6 6 12 4 0 2 

12.4666 699.946 345.605

0 4 20 14 27 3 0 0 0 28 92 12 4 0 0 0 1 23 63 18 
1 0 0 0 3 15 17 14 4 2 8 2 0 3 7 17 79 8 0 0 
3 22 92 67 96 22 5 3 58 134 86 11 2 2 5 16 19 35 23 149 
9 0 4 2 1 2 7 5 27 19 1 1 2 2 3 18 65 122 70 11 
41 17 16 139 10 17 61 56 7 6 36 156 6 0 0 1 2 3 41 15 
0 2 0 1 0 0 46 156 5 14 8 0 0 0 40 156 6 3 5 0 
0 0 12 156 0 0 0 0 

12.8376 904.601 684.307

0 0 0 0 12 23 29 7 0 0 0 0 156 125 4 0 0 0 0 0 
67 63 35 9 0 0 0 2 1 2 34 12 0 0 0 0 28 19 41 13 
0 0 0 5 156 45 3 0 0 0 0 10 145 26 5 0 0 0 0 40 
9 1 3 0 0 0 0 9 48 25 33 14 0 0 0 61 156 30 1 0 
0 0 0 84 143 1 0 0 0 0 3 90 3 0 0 0 0 0 8 156 
32 4 11 7 0 0 4 156 120 1 0 0 0 0 2 134 31 0 0 0 
0 0 1 38 1 0 0 0 

53.0665 491.639 553.738

3 0 0 0 6 114 151 32 0 0 0 0 51 151 43 0 0 0 0 1 
16 28 0 0 0 0 2 2 1 1 0 0 16 5 3 2 47 53 24 19 
0 0 0 6 151 150 4 0 0 0 2 22 101 18 0 0 1 1 2 7 
4 0 0 0 4 39 116 41 27 6 1 3 0 1 30 151 151 17 0 0 
0 0 2 36 102 1 0 0 1 0 1 2 0 0 0 1 0 18 151 49 
0 0 0 0 0 0 72 151 28 0 0 0 0 0 0 19 13 0 0 0 
0 0 0 0 0 0 0 0 

75.9785 443.878 541.633

2 0 0 0 0 45 138 56 0 0 0 0 15 133 49 0 0 0 0 1 
11 14 0 0 0 0 0 1 0 0 0 0 73 12 4 6 32 83 103 115 
0 0 1 17 138 138 30 0 0 0 1 12 97 22 0 0 0 2 4 1 
0 0 0 0 50 119 138 67 23 4 0 6 0 1 67 138 138 14 0 0 
0 0 0 40 88 1 0 0 0 0 2 1 0 0 0 0 0 34 138 26 
0 0 0 0 0 0 64 104 7 0 0 0 0 0 0 17 7 0 0 0 
0 0 0 0 0 0 0 0 

81.2312 1064.92 533.347

1 0 0 0 0 21 137 68 0 0 0 0 10 108 82 2 0 1 1 0 
6 14 0 0 0 0 0 0 0 0 0 0 81 28 3 6 26 61 137 130 
0 0 1 19 137 137 57 1 0 0 0 2 96 28 0 0 0 0 0 0 
0 0 0 0 64 137 137 59 22 4 1 4 0 4 72 137 137 10 0 0 
0 0 0 24 87 5 0 0 0 0 0 0 0 0 0 0 0 53 98 13 
0 0 0 0 0 1 58 75 5 0 0 0 0 0 0 10 5 0 1 0 
0 0 0 0 0 0 0 0 

145.667 746.858 506.944

0 0 0 0 0 0 0 1 4 0 0 0 0 1 3 15 0 0 0 0 
6 10 4 2 0 0 0 0 2 0 0 0 22 2 0 0 0 0 0 15 
145 36 7 5 8 31 61 145 14 7 8 39 145 145 66 41 0 0 0 12 
97 21 0 0 19 26 0 0 0 0 0 1 145 145 143 37 8 5 5 29 
12 43 145 145 145 34 6 6 0 0 0 62 85 3 0 0 0 3 0 0 
0 0 0 0 0 32 33 5 0 0 0 0 0 3 34 51 3 0 0 0 
0 0 0 10 3 0 0 0 

145.667 746.858 506.944

3 0 0 0 0 0 0 6 3 0 0 0 0 4 31 40 0 0 0 0 
0 33 35 4 0 0 0 0 0 2 0 0 92 4 0 0 0 0 0 53 
145 37 5 6 11 45 145 145 7 5 5 28 143 145 145 34 0 0 0 1 
18 20 1 0 98 32 0 0 0 0 0 9 145 145 64 35 12 8 8 38 
8 40 60 145 145 39 7 5 0 0 0 13 28 2 0 0 4 2 0 0 
0 0 0 0 8 21 4 1 0 0 0 0 0 3 4 8 4 0 0 0 
0 0 0 0 0 0 0 0 

145.667 746.858 506.944

0 0 0 0 0 0 1 14 0 0 0 0 0 2 56 73 0 0 0 0 
0 20 45 9 0 0 0 0 0 1 0 0 61 0 0 0 0 0 2 78 
144 24 7 8 11 41 144 144 7 4 6 38 144 144 144 41 0 0 0 1 
38 29 0 0 57 2 0 0 0 0 0 17 144 114 92 62 10 7 7 49 
7 20 91 144 144 34 6 6 0 0 0 9 25 4 0 0 0 0 0 0 
0 0 0 0 0 1 8 9 0 0 0 0 0 0 12 31 0 0 0 0 
0 0 0 0 0 0 0 0 

145.667 746.858 506.944

0 0 0 0 0 0 0 0 0 0 0 0 0 18 41 1 0 0 0 0 
3 80 50 0 0 0 0 0 2 13 0 0 12 10 0 0 0 0 0 1 
110 63 10 6 7 54 143 100 8 8 10 40 143 143 143 21 0 0 0 2 
66 72 0 0 17 26 0 0 0 0 0 0 106 143 143 34 6 6 7 18 
7 40 143 143 143 42 7 4 0 0 0 20 53 10 0 0 0 0 0 0 
0 0 0 0 0 9 30 4 0 0 0 0 0 1 43 25 0 0 0 0 
0 0 0 1 0 0 0 0 

