130,132,31,115
130,132,31,115
130,132,31,115
130,131,31,115
129,131,31,115
129,131,31,115
129,130,31,115
129,129,31,115
129,129,31,115
129,128,31,115
128,128,31,115
128,128,31,115
128,127,31,115
127,127,31,115
127,128,31,115
127,127,31,115
126,126,31,115
126,125,31,115
125,125,31,115
125,123,31,115
125,123,31,115
124,124,31,115
124,123,31,115
124,123,31,115
124,122,31,115
124,122,31,115
123,122,31,115
124,121,31,115
123,120,31,115
123,119,31,115
124,118,31,115
124,117,31,115
124,117,31,115
124,117,31,115
123,117,31,115
123,118,31,115
123,118,31,115
123,117,31,115
122,116,31,115
122,115,31,115
122,112,31,115
121,112,31,115
121,112,31,115
121,111,31,115
121,111,31,115
121,111,31,115
122,111,31,115
121,111,31,115
121,109,31,115
121,109,31,115
121,108,31,115
122,107,31,115
122,106,31,115
121,105,31,115
122,106,31,115
121,106,31,115
121,107,31,115
121,106,31,115
121,107,31,115
120,106,31,115
120,105,31,115
119,104,31,115
119,103,31,115
119,102,31,115
119,102,31,115
119,102,31,115
119,101,31,115
122,111,26,96
122,110,26,96
122,109,26,96
121,108,26,96
121,107,26,96
121,106,26,96
121,106,26,96
121,105,26,96
121,105,26,96
121,105,26,96
121,105,26,96
121,105,26,96
121,105,26,96
120,104,26,96
120,104,26,96
120,103,26,96
120,103,26,96
119,102,26,96
119,102,26,96
119,102,26,96
119,101,26,96
119,101,26,96
119,101,26,96
119,101,26,96
119,101,26,96
119,101,26,96
119,99,26,96
119,98,26,96
119,98,26,96
120,97,26,96
120,97,26,96
120,97,26,96
120,97,26,96
120,98,26,96
120,98,26,96
120,97,26,96
120,97,26,96
120,96,26,96
119,95,26,96
119,94,26,96
119,94,26,96
119,94,26,96
119,94,26,96
119,94,26,96
119,94,26,96
119,94,26,96
119,94,26,96
119,93,26,96
119,92,26,96
118,91,26,96
118,90,26,96
118,90,26,96
118,90,26,96
118,90,26,96
118,91,26,96
118,91,26,96
117,91,26,96
117,90,26,96
117,90,26,96
116,89,26,96
116,88,26,96
115,88,26,96
115,88,26,96
115,87,26,96
115,87,26,96
115,87,26,96
115,87,26,96
115,87,26,96
115,86,26,96
114,86,26,96
114,85,26,96
114,84,26,96
114,83,26,96
114,83,26,96
114,83,26,96
113,83,26,96
113,83,26,96
112,83,26,96
112,83,26,96
111,83,26,96
111,83,26,96
111,82,26,96
110,81,26,96
109,80,26,96
109,79,26,96
109,78,26,96
108,78,26,96
108,78,26,96
108,78,26,96
108,78,26,96
108,78,26,96
108,77,26,96
107,76,26,96
107,75,26,96
107,75,26,96
107,75,26,96
107,75,26,96
107,75,26,96
107,76,26,96
106,76,26,96
106,76,26,96
106,76,26,96
105,75,26,96
105,74,26,96
105,73,26,96
104,73,26,96
106,80,22,80
106,80,22,80
106,80,22,80
106,80,22,80
106,80,22,80
106,80,22,80
106,80,22,80
106,79,22,80
106,79,22,80
106,78,22,80
106,77,22,80
106,77,22,80
106,77,22,80
106,77,22,80
106,77,22,80
106,78,22,80
106,77,22,80
106,77,22,80
106,77,22,80
105,76,22,80
105,75,22,80
105,76,22,80
105,76,22,80
105,76,22,80
105,76,22,80
105,76,22,80
106,76,22,80
106,77,22,80
106,76,22,80
105,76,22,80
105,76,22,80
105,76,22,80
105,76,22,80
105,76,22,80
105,75,22,80
105,75,22,80
105,75,22,80
105,75,22,80
104,105,22,80
105,107,22,80
106,106,22,80
104,102,26,96
104,101,26,96
104,103,26,96
105,105,26,96
105,104,26,96
105,106,26,96
105,105,26,96
106,105,26,96
106,104,26,96
106,103,26,96
106,106,26,96
106,105,26,96
106,106,26,96
106,106,26,96
106,105,26,96
107,105,26,96
107,105,26,96
107,105,26,96
106,111,26,96
106,111,26,96
106,112,26,96
106,112,26,96
106,113,26,96
106,114,26,96
106,115,26,96
106,115,26,96
106,116,26,96
106,117,26,96
106,117,26,96
106,118,26,96
106,119,26,96
106,119,26,96
106,120,26,96
106,121,26,96
106,121,26,96
106,122,26,96
106,123,26,96
106,123,26,96
106,124,26,96
106,124,26,96
106,125,26,96
106,125,26,96
106,126,26,96
106,127,26,96
106,127,26,96
106,128,26,96
106,128,26,96
106,129,26,96
106,129,26,96
106,130,26,96
106,130,26,96
106,131,26,96
106,131,26,96
106,132,26,96
106,132,26,96
106,133,26,96
106,133,26,96
106,134,26,96
106,134,26,96
105,134,26,96
105,135,26,96
105,135,26,96
105,136,26,96
105,136,26,96
105,136,26,96
105,137,26,96
105,137,26,96
105,138,26,96
105,138,26,96
105,138,26,96
105,139,26,96
104,139,26,96
104,139,26,96
104,140,26,96
104,140,26,96
104,140,26,96
104,141,26,96
104,141,26,96
104,141,26,96
104,142,26,96
103,142,26,96
103,142,26,96
103,142,26,96
103,143,26,96
103,143,26,96
103,143,26,96
103,143,26,96
102,144,26,96
102,144,26,96
102,144,26,96
102,144,26,96
102,145,26,96
102,145,26,96
101,145,26,96
101,145,26,96
101,145,26,96
101,146,26,96
101,146,26,96
101,146,26,96
100,146,26,96
100,146,26,96
100,146,26,96
100,147,26,96
100,147,26,96
99,147,26,96
99,147,26,96
99,147,26,96
99,147,26,96
99,147,26,96
98,148,26,96
98,148,26,96
98,148,26,96
98,148,26,96
98,148,26,96
97,148,26,96
97,148,26,96
97,148,26,96
97,148,26,96
96,148,26,96
96,148,26,96
96,148,26,96
96,148,26,96
95,148,26,96
95,148,26,96
95,148,26,96
95,148,26,96
94,148,26,96
94,148,26,96
94,148,26,96
94,148,26,96
93,148,26,96
93,148,26,96
93,148,26,96
93,148,26,96
92,148,26,96
92,148,26,96
92,148,26,96
92,148,26,96
91,148,26,96
91,148,26,96
91,148,26,96
90,148,26,96
90,148,26,96
90,148,26,96
90,148,26,96
89,148,26,96
89,148,26,96
89,148,26,96
88,148,26,96
88,148,26,96
88,148,26,96
88,148,26,96
87,148,26,96
87,148,26,96
87,148,26,96
86,147,26,96
86,147,26,96
86,147,26,96
85,147,26,96
85,147,26,96
85,147,26,96
84,147,26,96
84,147,26,96
84,147,26,96
83,147,26,96
83,147,26,96
83,146,26,96
82,146,26,96
82,146,26,96
82,146,26,96
81,146,26,96
81,146,26,96
81,146,26,96
80,146,26,96
80,145,26,96
80,145,26,96
79,145,26,96
79,145,26,96
79,145,26,96
78,145,26,96
78,145,26,96
78,144,26,96
77,144,26,96
77,144,26,96
77,144,26,96
76,144,26,96
76,144,26,96
76,143,26,96
75,143,26,96
75,143,26,96
75,143,26,96
74,143,26,96
74,143,26,96
73,142,26,96
73,142,26,96
73,142,26,96
72,142,26,96
72,142,26,96
72,141,26,96
71,141,26,96
71,141,26,96
71,141,26,96
70,141,26,96
70,140,26,96
69,140,26,96
69,140,26,96
69,140,26,96
68,139,26,96
68,139,26,96
68,139,26,96
67,139,26,96
67,139,26,96
66,138,26,96
66,138,26,96
66,138,26,96
65,138,26,96
65,137,26,96
64,137,26,96
64,137,26,96
64,137,26,96
63,136,26,96
63,136,26,96
62,136,26,96
62,136,26,96
62,135,26,96
61,135,26,96
61,135,26,96
60,135,26,96
60,134,26,96
60,134,26,96
59,134,26,96
59,134,26,96
58,133,26,96
58,133,26,96
58,133,26,96
57,132,26,96
57,132,26,96
56,132,26,96
56,132,26,96
56,131,26,96
55,131,26,96
55,131,26,96
54,130,26,96
54,130,26,96
53,130,26,96
53,130,26,96
53,129,26,96
52,129,26,96
52,129,26,96
51,128,26,96
51,128,26,96
50,128,26,96
50,127,26,96
50,127,26,96
49,127,26,96
49,126,26,96
48,126,26,96
48,126,26,96
47,125,26,96
47,125,26,96
47,125,26,96
46,124,26,96
46,124,26,96
45,124,26,96
45,123,26,96
44,123,26,96
44,123,26,96
44,122,26,96
43,122,26,96
43,122,26,96
42,121,26,96
42,121,26,96
41,121,26,96
41,120,26,96
40,120,26,96
40,120,26,96
40,119,26,96
39,119,26,96
39,119,26,96
38,118,26,96
38,118,26,96
37,118,26,96
37,117,26,96
36,117,26,96
36,117,26,96
36,116,26,96
